tau: 0.07277639927874087, p: 0.0003495036623662804
tau: 0.004625928760979086, p: 0.7186438443324712
